20
0.00 1.09 1.54 1.64 0.81 1.75 1.11 1.44 0.93 0.92 1.09 0.73 0.79 0.49 1.54 0.90 1.44 1.09 1.04 0.30
1.09 0.00 0.84 0.68 0.95 0.69 1.26 0.62 1.54 1.04 1.63 1.07 0.97 1.39 1.37 1.16 1.11 1.33 0.64 1.09
1.54 0.84 0.00 0.60 1.44 0.97 1.24 0.58 0.52 1.43 1.45 1.12 1.00 1.52 0.71 0.73 1.17 1.00 0.73 1.32
1.64 0.68 0.60 0.00 0.71 0.24 0.72 0.74 1.20 1.41 1.21 1.30 0.92 1.63 0.59 1.14 1.17 0.72 1.22 1.78
0.81 0.95 1.44 0.71 0.00 0.67 0.39 1.33 1.08 0.94 0.88 1.41 0.98 1.20 0.88 0.85 1.44 0.49 1.84 1.27
1.75 0.69 0.97 0.24 0.67 0.00 0.57 0.61 1.48 0.86 0.90 1.28 1.16 1.41 0.51 1.22 0.65 0.84 1.28 1.73
1.11 1.26 1.24 0.72 0.39 0.57 0.00 0.96 0.90 0.77 0.93 1.00 0.98 0.93 0.28 0.75 1.01 0.82 1.82 1.39
1.44 0.62 0.58 0.74 1.33 0.61 0.96 0.00 1.10 0.55 1.31 0.77 1.24 1.04 0.52 0.81 0.61 1.30 0.77 1.13
0.93 1.54 0.52 1.20 1.08 1.48 0.90 1.10 0.00 1.11 1.10 0.90 0.80 1.11 0.69 0.43 1.34 0.79 1.31 1.03
0.92 1.04 1.43 1.41 0.94 0.86 0.77 0.55 1.11 0.00 0.75 0.67 1.23 0.65 0.77 0.79 0.46 1.24 1.18 0.80
1.09 1.63 1.45 1.21 0.88 0.90 0.93 1.31 1.10 0.75 0.00 1.36 1.54 0.75 0.84 1.00 0.69 0.61 1.26 0.83
0.73 1.07 1.12 1.30 1.41 1.28 1.00 0.77 0.90 0.67 1.36 0.00 0.44 0.72 1.04 1.08 0.76 1.70 0.76 0.87
0.79 0.97 1.00 0.92 0.98 1.16 0.98 1.24 0.80 1.23 1.54 0.44 0.00 1.05 1.24 1.44 1.11 1.09 0.99 1.40
0.49 1.39 1.52 1.63 1.20 1.41 0.93 1.04 1.11 0.65 0.75 0.72 1.05 0.00 1.05 1.24 0.60 1.00 0.85 0.47
1.54 1.37 0.71 0.59 0.88 0.51 0.28 0.52 0.69 0.77 0.84 1.04 1.24 1.05 0.00 0.61 0.79 0.80 1.53 1.45
0.90 1.16 0.73 1.14 0.85 1.22 0.75 0.81 0.43 0.79 1.00 1.08 1.44 1.24 0.61 0.00 1.45 1.10 1.41 0.70
1.44 1.11 1.17 1.17 1.44 0.65 1.01 0.61 1.34 0.46 0.69 0.76 1.11 0.60 0.79 1.45 0.00 1.20 0.68 1.13
1.09 1.33 1.00 0.72 0.49 0.84 0.82 1.30 0.79 1.24 0.61 1.70 1.09 1.00 0.80 1.10 1.20 0.00 1.47 1.33
1.04 0.64 0.73 1.22 1.84 1.28 1.82 0.77 1.31 1.18 1.26 0.76 0.99 0.85 1.53 1.41 0.68 1.47 0.00 0.67
0.30 1.09 1.32 1.78 1.27 1.73 1.39 1.13 1.03 0.80 0.83 0.87 1.40 0.47 1.45 0.70 1.13 1.33 0.67 0.00